7
[[[22, 13, 17, 11, 0],
  [8, 2, 23, 4, 24],
  [21, 9, 14, 16, -8],
  [6, 10, 3, 18, 5],
  [1, 12, 20, 15, 19]],
 [[3, 15, 0, 2, 22],
  [9, 18, 13, 17, 5],
  [19, 8, -8, 25, 23],
  [20, 11, 10, 24, 4],
  [14, 21, 16, 12, 6]],
 [[14, 21, 17, 24, 4],
  [10, 16, 15, 9, 19],
  [18, 8, 23, 26, 20],
  [22, 11, 13, 6, 5],
  [2, 0, 12, 3, -8]]]
4
[[[22, 13, 17, 11, 0],
  [8, 2, 23, -5, 24],
  [21, 9, 14, 16, -8],
  [6, 10, 3, 18, 5],
  [1, 12, 20, 15, 19]],
 [[3, 15, 0, 2, 22],
  [9, 18, 13, 17, 5],
  [19, 8, -8, 25, 23],
  [20, 11, 10, 24, -5],
  [14, 21, 16, 12, 6]],
 [[14, 21, 17, 24, -5],
  [10, 16, 15, 9, 19],
  [18, 8, 23, 26, 20],
  [22, 11, 13, 6, 5],
  [2, 0, 12, 3, -8]]]
9
[[[22, 13, 17, 11, 0],
  [8, 2, 23, -5, 24],
  [21, -10, 14, 16, -8],
  [6, 10, 3, 18, 5],
  [1, 12, 20, 15, 19]],
 [[3, 15, 0, 2, 22],
  [-10, 18, 13, 17, 5],
  [19, 8, -8, 25, 23],
  [20, 11, 10, 24, -5],
  [14, 21, 16, 12, 6]],
 [[14, 21, 17, 24, -5],
  [10, 16, 15, -10, 19],
  [18, 8, 23, 26, 20],
  [22, 11, 13, 6, 5],
  [2, 0, 12, 3, -8]]]
5
[[[22, 13, 17, 11, 0],
  [8, 2, 23, -5, 24],
  [21, -10, 14, 16, -8],
  [6, 10, 3, 18, -6],
  [1, 12, 20, 15, 19]],
 [[3, 15, 0, 2, 22],
  [-10, 18, 13, 17, -6],
  [19, 8, -8, 25, 23],
  [20, 11, 10, 24, -5],
  [14, 21, 16, 12, 6]],
 [[14, 21, 17, 24, -5],
  [10, 16, 15, -10, 19],
  [18, 8, 23, 26, 20],
  [22, 11, 13, 6, -6],
  [2, 0, 12, 3, -8]]]
11
[[[22, 13, 17, -12, 0],
  [8, 2, 23, -5, 24],
  [21, -10, 14, 16, -8],
  [6, 10, 3, 18, -6],
  [1, 12, 20, 15, 19]],
 [[3, 15, 0, 2, 22],
  [-10, 18, 13, 17, -6],
  [19, 8, -8, 25, 23],
  [20, -12, 10, 24, -5],
  [14, 21, 16, 12, 6]],
 [[14, 21, 17, 24, -5],
  [10, 16, 15, -10, 19],
  [18, 8, 23, 26, 20],
  [22, -12, 13, 6, -6],
  [2, 0, 12, 3, -8]]]
17
[[[22, 13, -18, -12, 0],
  [8, 2, 23, -5, 24],
  [21, -10, 14, 16, -8],
  [6, 10, 3, 18, -6],
  [1, 12, 20, 15, 19]],
 [[3, 15, 0, 2, 22],
  [-10, 18, 13, -18, -6],
  [19, 8, -8, 25, 23],
  [20, -12, 10, 24, -5],
  [14, 21, 16, 12, 6]],
 [[14, 21, -18, 24, -5],
  [10, 16, 15, -10, 19],
  [18, 8, 23, 26, 20],
  [22, -12, 13, 6, -6],
  [2, 0, 12, 3, -8]]]
23
[[[22, 13, -18, -12, 0],
  [8, 2, -24, -5, 24],
  [21, -10, 14, 16, -8],
  [6, 10, 3, 18, -6],
  [1, 12, 20, 15, 19]],
 [[3, 15, 0, 2, 22],
  [-10, 18, 13, -18, -6],
  [19, 8, -8, 25, -24],
  [20, -12, 10, 24, -5],
  [14, 21, 16, 12, 6]],
 [[14, 21, -18, 24, -5],
  [10, 16, 15, -10, 19],
  [18, 8, -24, 26, 20],
  [22, -12, 13, 6, -6],
  [2, 0, 12, 3, -8]]]
2
[[[22, 13, -18, -12, 0],
  [8, -3, -24, -5, 24],
  [21, -10, 14, 16, -8],
  [6, 10, 3, 18, -6],
  [1, 12, 20, 15, 19]],
 [[3, 15, 0, -3, 22],
  [-10, 18, 13, -18, -6],
  [19, 8, -8, 25, -24],
  [20, -12, 10, 24, -5],
  [14, 21, 16, 12, 6]],
 [[14, 21, -18, 24, -5],
  [10, 16, 15, -10, 19],
  [18, 8, -24, 26, 20],
  [22, -12, 13, 6, -6],
  [-3, 0, 12, 3, -8]]]
0
[[[22, 13, -18, -12, -1],
  [8, -3, -24, -5, 24],
  [21, -10, 14, 16, -8],
  [6, 10, 3, 18, -6],
  [1, 12, 20, 15, 19]],
 [[3, 15, -1, -3, 22],
  [-10, 18, 13, -18, -6],
  [19, 8, -8, 25, -24],
  [20, -12, 10, 24, -5],
  [14, 21, 16, 12, 6]],
 [[14, 21, -18, 24, -5],
  [10, 16, 15, -10, 19],
  [18, 8, -24, 26, 20],
  [22, -12, 13, 6, -6],
  [-3, -1, 12, 3, -8]]]
14
[[[22, 13, -18, -12, -1],
  [8, -3, -24, -5, 24],
  [21, -10, -15, 16, -8],
  [6, 10, 3, 18, -6],
  [1, 12, 20, 15, 19]],
 [[3, 15, -1, -3, 22],
  [-10, 18, 13, -18, -6],
  [19, 8, -8, 25, -24],
  [20, -12, 10, 24, -5],
  [-15, 21, 16, 12, 6]],
 [[-15, 21, -18, 24, -5],
  [10, 16, 15, -10, 19],
  [18, 8, -24, 26, 20],
  [22, -12, 13, 6, -6],
  [-3, -1, 12, 3, -8]]]
21
[[[22, 13, -18, -12, -1],
  [8, -3, -24, -5, 24],
  [-22, -10, -15, 16, -8],
  [6, 10, 3, 18, -6],
  [1, 12, 20, 15, 19]],
 [[3, 15, -1, -3, 22],
  [-10, 18, 13, -18, -6],
  [19, 8, -8, 25, -24],
  [20, -12, 10, 24, -5],
  [-15, -22, 16, 12, 6]],
 [[-15, -22, -18, 24, -5],
  [10, 16, 15, -10, 19],
  [18, 8, -24, 26, 20],
  [22, -12, 13, 6, -6],
  [-3, -1, 12, 3, -8]]]
24
[[[22, 13, -18, -12, -1],
  [8, -3, -24, -5, -25],
  [-22, -10, -15, 16, -8],
  [6, 10, 3, 18, -6],
  [1, 12, 20, 15, 19]],
 [[3, 15, -1, -3, 22],
  [-10, 18, 13, -18, -6],
  [19, 8, -8, 25, -24],
  [20, -12, 10, -25, -5],
  [-15, -22, 16, 12, 6]],
 [[-15, -22, -18, -25, -5],
  [10, 16, 15, -10, 19],
  [18, 8, -24, 26, 20],
  [22, -12, 13, 6, -6],
  [-3, -1, 12, 3, -8]]]
2
10
[[[22, 13, -18, -12, -1],
  [8, -3, -24, -5, -25],
  [-22, -10, -15, 16, -8],
  [6, -11, 3, 18, -6],
  [1, 12, 20, 15, 19]],
 [[3, 15, -1, -3, 22],
  [-10, 18, 13, -18, -6],
  [19, 8, -8, 25, -24],
  [20, -12, -11, -25, -5],
  [-15, -22, 16, 12, 6]]]
16
[[[22, 13, -18, -12, -1],
  [8, -3, -24, -5, -25],
  [-22, -10, -15, -17, -8],
  [6, -11, 3, 18, -6],
  [1, 12, 20, 15, 19]],
 [[3, 15, -1, -3, 22],
  [-10, 18, 13, -18, -6],
  [19, 8, -8, 25, -24],
  [20, -12, -11, -25, -5],
  [-15, -22, -17, 12, 6]]]
0
2576
